2009	7.6	8.1	8.5	8.9	9.4	9.5	9.4	9.7	0.0	0.0	0.0	0.0
High: 	0.0	Low: 	0.0	Average: 	0.0	Net Change: 	0.0

1953	2.9	2.6	2.6	2.7	2.5	2.5	2.6	2.7	2.9	3.1	3.5	4.5
High: 	4.5	Low: 	2.5	Average: 	2.93	Net Change: 	1.6

1952	3.2	3.1	2.9	2.9	3.0	3.0	3.2	3.4	3.1	3.0	2.8	2.7
High: 	3.4	Low: 	2.7	Average: 	3.03	Net Change: 	-0.5

1951	3.7	3.4	3.4	3.1	3.0	3.2	3.1	3.1	3.3	3.5	3.5	3.1
High: 	3.7	Low: 	3.0	Average: 	3.28	Net Change: 	-0.6

1969	3.4	3.4	3.4	3.4	3.4	3.5	3.5	3.5	3.7	3.7	3.5	3.5
High: 	3.7	Low: 	3.4	Average: 	3.49	Net Change: 	0.1

1968	3.7	3.8	3.7	3.5	3.5	3.7	3.7	3.5	3.4	3.4	3.4	3.4
High: 	3.8	Low: 	3.4	Average: 	3.56	Net Change: 	-0.3

1948	3.4	3.8	4.0	3.9	3.5	3.6	3.6	3.9	3.8	3.7	3.8	4.0
High: 	4.0	Low: 	3.4	Average: 	3.75	Net Change: 	0.6

1966	4.0	3.8	3.8	3.8	3.9	3.8	3.8	3.8	3.7	3.7	3.6	3.8
High: 	4.0	Low: 	3.6	Average: 	3.79	Net Change: 	-0.2

1967	3.9	3.8	3.8	3.8	3.8	3.9	3.8	3.8	3.8	4.0	3.9	3.8
High: 	4.0	Low: 	3.8	Average: 	3.84	Net Change: 	-0.1

2000	4.0	4.1	4.0	3.8	4.0	4.0	4.0	4.1	3.9	3.9	3.9	3.9
High: 	4.1	Low: 	3.8	Average: 	3.97	Net Change: 	-0.1

1956	4.0	3.9	4.2	4.0	4.3	4.3	4.4	4.1	3.9	3.9	4.3	4.2
High: 	4.4	Low: 	3.9	Average: 	4.13	Net Change: 	0.2

1999	4.3	4.4	4.2	4.3	4.2	4.3	4.3	4.2	4.2	4.1	4.1	4.0
High: 	4.4	Low: 	4.0	Average: 	4.22	Net Change: 	-0.3

1957	4.2	3.9	3.7	3.9	4.1	4.3	4.2	4.1	4.4	4.5	5.1	5.2
High: 	5.2	Low: 	3.7	Average: 	4.3	Net Change: 	1.0

1955	4.9	4.7	4.6	4.7	4.3	4.2	4.0	4.2	4.1	4.3	4.2	4.2
High: 	4.9	Low: 	4.0	Average: 	4.37	Net Change: 	-0.7

1998	4.6	4.6	4.7	4.3	4.4	4.5	4.5	4.5	4.6	4.5	4.4	4.4
High: 	4.7	Low: 	4.3	Average: 	4.5	Net Change: 	-0.2

1965	4.9	5.1	4.7	4.8	4.6	4.6	4.4	4.4	4.3	4.2	4.1	4.0
High: 	5.1	Low: 	4.0	Average: 	4.51	Net Change: 	-0.9

2006	4.7	4.8	4.7	4.7	4.7	4.6	4.7	4.7	4.5	4.4	4.5	4.4
High: 	4.8	Low: 	4.4	Average: 	4.62	Net Change: 	-0.3

2007	4.6	4.5	4.4	4.5	4.5	4.6	4.7	4.7	4.7	4.8	4.7	4.9
High: 	4.9	Low: 	4.4	Average: 	4.63	Net Change: 	0.3

2001	4.2	4.2	4.3	4.4	4.3	4.5	4.6	4.9	5.0	5.3	5.5	5.7
High: 	5.7	Low: 	4.2	Average: 	4.74	Net Change: 	1.5

1973	4.9	5.0	4.9	5.0	4.9	4.9	4.8	4.8	4.8	4.6	4.8	4.9
High: 	5.0	Low: 	4.6	Average: 	4.86	Net Change: 	0.0

1997	5.3	5.2	5.2	5.1	4.9	5.0	4.9	4.8	4.9	4.7	4.6	4.7
High: 	5.3	Low: 	4.6	Average: 	4.94	Net Change: 	-0.6

1970	3.9	4.2	4.4	4.6	4.8	4.9	5.0	5.1	5.4	5.5	5.9	6.1
High: 	6.1	Low: 	3.9	Average: 	4.98	Net Change: 	2.2

2005	5.2	5.4	5.2	5.2	5.1	5.1	5.0	4.9	5.0	5.0	5.0	4.8
High: 	5.4	Low: 	4.8	Average: 	5.08	Net Change: 	-0.4

1964	5.6	5.4	5.4	5.3	5.1	5.2	4.9	5.0	5.1	5.1	4.8	5.0
High: 	5.6	Low: 	4.8	Average: 	5.16	Net Change: 	-0.6

1950	6.5	6.4	6.3	5.8	5.5	5.4	5.0	4.5	4.4	4.2	4.2	4.3
High: 	6.5	Low: 	4.2	Average: 	5.21	Net Change: 	-2.2

1989	5.4	5.2	5.0	5.2	5.2	5.3	5.2	5.2	5.3	5.3	5.4	5.4
High: 	5.4	Low: 	5.0	Average: 	5.26	Net Change: 	0.0

1996	5.6	5.5	5.5	5.6	5.6	5.3	5.5	5.1	5.2	5.2	5.4	5.4
High: 	5.6	Low: 	5.1	Average: 	5.41	Net Change: 	-0.2

1959	6.0	5.9	5.6	5.2	5.1	5.0	5.1	5.2	5.5	5.7	5.8	5.3
High: 	6.0	Low: 	5.0	Average: 	5.45	Net Change: 	-0.7

1988	5.7	5.7	5.7	5.4	5.6	5.4	5.4	5.6	5.4	5.4	5.3	5.3
High: 	5.7	Low: 	5.3	Average: 	5.49	Net Change: 	-0.4

2004	5.7	5.6	5.8	5.6	5.6	5.6	5.5	5.4	5.4	5.5	5.4	5.4
High: 	5.8	Low: 	5.4	Average: 	5.54	Net Change: 	-0.3

1960	5.2	4.8	5.4	5.2	5.1	5.4	5.5	5.6	5.5	6.1	6.1	6.6
High: 	6.6	Low: 	4.8	Average: 	5.54	Net Change: 	1.4

1962	5.8	5.5	5.6	5.6	5.5	5.5	5.4	5.7	5.6	5.4	5.7	5.5
High: 	5.8	Low: 	5.4	Average: 	5.57	Net Change: 	-0.3

1954	4.9	5.2	5.7	5.9	5.9	5.6	5.8	6.0	6.1	5.7	5.3	5.0
High: 	6.1	Low: 	4.9	Average: 	5.59	Net Change: 	0.1

1995	5.6	5.4	5.4	5.8	5.6	5.6	5.7	5.7	5.6	5.5	5.6	5.6
High: 	5.8	Low: 	5.4	Average: 	5.59	Net Change: 	0.0

1972	5.8	5.7	5.8	5.7	5.7	5.7	5.6	5.6	5.5	5.6	5.3	5.2
High: 	5.8	Low: 	5.2	Average: 	5.6	Net Change: 	-0.6

1990	5.4	5.3	5.2	5.4	5.4	5.2	5.5	5.7	5.9	5.9	6.2	6.3
High: 	6.3	Low: 	5.2	Average: 	5.62	Net Change: 	0.9

1974	5.1	5.2	5.1	5.1	5.1	5.4	5.5	5.5	5.9	6.0	6.6	7.2
High: 	7.2	Low: 	5.1	Average: 	5.64	Net Change: 	2.1

1963	5.7	5.9	5.7	5.7	5.9	5.6	5.6	5.4	5.5	5.5	5.7	5.5
High: 	5.9	Low: 	5.4	Average: 	5.64	Net Change: 	-0.2

2002	5.7	5.7	5.7	5.9	5.8	5.8	5.8	5.7	5.7	5.7	5.9	6.0
High: 	6.0	Low: 	5.7	Average: 	5.78	Net Change: 	0.3

2008	4.9	4.8	5.1	5.0	5.5	5.6	5.8	6.2	6.2	6.6	6.8	7.2
High: 	7.2	Low: 	4.8	Average: 	5.81	Net Change: 	2.3

1979	5.9	5.9	5.8	5.8	5.6	5.7	5.7	6.0	5.9	6.0	5.9	6.0
High: 	6.0	Low: 	5.6	Average: 	5.85	Net Change: 	0.1

1971	5.9	5.9	6.0	5.9	5.9	5.9	6.0	6.1	6.0	5.8	6.0	6.0
High: 	6.1	Low: 	5.8	Average: 	5.95	Net Change: 	0.1

2003	5.8	5.9	5.9	6.0	6.1	6.3	6.2	6.1	6.1	6.0	5.8	5.7
High: 	6.3	Low: 	5.7	Average: 	5.99	Net Change: 	-0.1

1949	4.3	4.7	5.0	5.3	6.1	6.2	6.7	6.8	6.6	7.9	6.4	6.6
High: 	7.9	Low: 	4.3	Average: 	6.05	Net Change: 	2.3

1978	6.4	6.3	6.3	6.1	6.0	5.9	6.2	5.9	6.0	5.8	5.9	6.0
High: 	6.4	Low: 	5.8	Average: 	6.07	Net Change: 	-0.4

1994	6.6	6.6	6.5	6.4	6.1	6.1	6.1	6.0	5.9	5.8	5.6	5.5
High: 	6.6	Low: 	5.5	Average: 	6.1	Net Change: 	-1.1

1987	6.6	6.6	6.6	6.3	6.3	6.2	6.1	6.0	5.9	6.0	5.8	5.7
High: 	6.6	Low: 	5.7	Average: 	6.18	Net Change: 	-0.9

1961	6.6	6.9	6.9	7.0	7.1	6.9	7.0	6.6	6.7	6.5	6.1	6.0
High: 	7.1	Low: 	6.0	Average: 	6.69	Net Change: 	-0.6

1958	5.8	6.4	6.7	7.4	7.4	7.3	7.5	7.4	7.1	6.7	6.2	6.2
High: 	7.5	Low: 	5.8	Average: 	6.84	Net Change: 	0.4

1991	6.4	6.6	6.8	6.7	6.9	6.9	6.8	6.9	6.9	7.0	7.0	7.3
High: 	7.3	Low: 	6.4	Average: 	6.85	Net Change: 	0.9

1993	7.3	7.1	7.0	7.1	7.1	7.0	6.9	6.8	6.7	6.8	6.6	6.5
High: 	7.3	Low: 	6.5	Average: 	6.91	Net Change: 	-0.8

1986	6.7	7.2	7.2	7.1	7.2	7.2	7.0	6.9	7.0	7.0	6.9	6.6
High: 	7.2	Low: 	6.6	Average: 	7.0	Net Change: 	-0.1

1977	7.5	7.6	7.4	7.2	7.0	7.2	6.9	7.0	6.8	6.8	6.8	6.4
High: 	7.6	Low: 	6.4	Average: 	7.05	Net Change: 	-1.1

1980	6.3	6.3	6.3	6.9	7.5	7.6	7.8	7.7	7.5	7.5	7.5	7.2
High: 	7.8	Low: 	6.3	Average: 	7.18	Net Change: 	0.9

1985	7.3	7.2	7.2	7.3	7.2	7.4	7.4	7.1	7.1	7.1	7.0	7.0
High: 	7.4	Low: 	7.0	Average: 	7.19	Net Change: 	-0.3

1992	7.3	7.4	7.4	7.4	7.6	7.8	7.7	7.6	7.6	7.3	7.4	7.4
High: 	7.8	Low: 	7.3	Average: 	7.49	Net Change: 	0.1

1984	8.0	7.8	7.8	7.7	7.4	7.2	7.5	7.5	7.3	7.4	7.2	7.3
High: 	8.0	Low: 	7.2	Average: 	7.51	Net Change: 	-0.7

1981	7.5	7.4	7.4	7.2	7.5	7.5	7.2	7.4	7.6	7.9	8.3	8.5
High: 	8.5	Low: 	7.2	Average: 	7.62	Net Change: 	1.0

1976	7.9	7.7	7.6	7.7	7.4	7.6	7.8	7.8	7.6	7.7	7.8	7.8
High: 	7.9	Low: 	7.4	Average: 	7.7	Net Change: 	-0.1

1975	8.1	8.1	8.6	8.8	9.0	8.8	8.6	8.4	8.4	8.4	8.3	8.2
High: 	9.0	Low: 	8.1	Average: 	8.48	Net Change: 	0.1

1983	10.4	10.4	10.3	10.2	10.1	10.1	9.4	9.5	9.2	8.8	8.5	8.3
High: 	10.4	Low: 	8.3	Average: 	9.6	Net Change: 	-2.1

1982	8.6	8.9	9.0	9.3	9.4	9.6	9.8	9.8	10.1	10.4	10.8	10.8
High: 	10.8	Low: 	8.6	Average: 	9.71	Net Change: 	2.2

